1.845377964058702247e+01 3.381304453608154417e-03
3.860922495932596377e+01 4.746137324713012653e-03
6.285029739625838374e+01 4.410978521684308894e-03
8.744739684910315702e+01 3.877538400189603062e-03
1.120950257673950006e+02 3.239797675888623704e-03
1.371905648135432330e+02 2.637139605959934290e-03
1.619112040597075293e+02 2.253958053495286242e-03
1.868081086429648678e+02 1.976991191519544572e-03
2.117039834595418029e+02 1.643268266088287067e-03
2.365844515753909718e+02 1.391365391927271763e-03
2.615910008406901284e+02 1.279019118044946160e-03
2.864607229551112368e+02 1.170568675170332706e-03
3.114929994924294192e+02 9.749109450986979258e-04
3.363243926014641829e+02 8.265175041968194150e-04
3.611648945300818809e+02 7.231850261678323278e-04
3.860944618686398258e+02 6.777604060919825398e-04
4.109989103528172905e+02 6.071605583106821176e-04
4.359634786751047386e+02 5.114257099323388581e-04
4.607659969760350123e+02 4.754340893313246203e-04
4.855738443321985187e+02 4.018248230397254640e-04
5.106788623526769015e+02 3.689444090554489203e-04
5.357048889723891989e+02 3.232031257390526762e-04
5.605404786252959184e+02 2.990038213213649194e-04
5.853832875292154085e+02 2.748317539826159372e-04
6.104227886111407315e+02 2.525029614266750236e-04
6.349481305614438043e+02 2.190025483412242756e-04
6.606035606431389624e+02 2.037096862840711274e-04
6.851184229127936760e+02 1.945074981017534059e-04
7.099724259514449614e+02 1.762876541379613691e-04
7.348697398428595307e+02 1.563889735796929192e-04
7.603468818937622018e+02 1.433800026868819392e-04
7.850976259090441545e+02 1.465100530746132044e-04
8.097435819449174232e+02 1.267683025632032005e-04
8.347858851130289395e+02 1.202754809579535271e-04
8.595294871272168393e+02 1.094524163317573534e-04
8.847390600857188474e+02 1.091047152015683290e-04
9.094624188440828902e+02 1.086452208799362903e-04
9.342032698171587981e+02 9.938020999242535875e-05
9.590787152333895165e+02 9.626136385647956529e-05
9.845098149767330824e+02 9.390497242970053890e-05
1.009322845302835958e+03 8.848104351296151267e-05
1.033831128495576195e+03 8.097853222570295870e-05
1.058976663045495116e+03 7.581433714526290943e-05
1.083955200822923871e+03 7.330295063074593960e-05
1.108709693655765705e+03 6.664730736020660926e-05
1.133818771788289268e+03 6.752672332385193570e-05
1.158652224486441355e+03 6.569794510736528485e-05
1.183659991890617675e+03 6.377859426322074314e-05
1.208550211121569419e+03 5.471716974551818345e-05
1.233327962761503613e+03 5.290423848832412118e-05
1.258280692577741547e+03 5.242405797346988135e-05
1.283313786464014356e+03 4.868588772267808731e-05
1.307945993551730453e+03 4.857725526571846070e-05
1.333364791591135827e+03 4.454487888353291918e-05
1.358309690023719668e+03 4.182888420296555863e-05
1.382919380596862766e+03 4.001390978082648497e-05
1.407857706748878854e+03 3.789689257289618649e-05
1.432404420118973349e+03 3.649029124584905710e-05
1.457884023831857803e+03 3.567603569044267546e-05
1.482384111003545058e+03 3.547777069968202407e-05
1.507411807228884982e+03 3.212847066859327358e-05
1.532861228788985500e+03 3.170959805605292025e-05
1.557258386398814537e+03 2.972491372776429744e-05
1.582214568742372421e+03 2.870526268503467785e-05
1.607144985908156059e+03 2.912406936785660348e-05
1.632090468231828936e+03 2.787737531295236522e-05
1.656928123664921713e+03 2.750604489469256480e-05
1.682248373574471771e+03 2.702779454443016518e-05
1.707321025448544560e+03 2.602898393089152768e-05
1.731883255490024339e+03 2.604386432381174563e-05
1.756738017133553512e+03 2.693897646054236247e-05
1.781421723746818316e+03 2.605011135291346186e-05
1.806580491490166651e+03 2.397807950737132517e-05
1.831733054790591495e+03 2.311036711633752017e-05
1.856751743350329662e+03 2.314205641664834716e-05
1.881359413218720192e+03 2.237165927887075359e-05
1.906061052039338392e+03 2.087224971363062540e-05
1.931337110438037143e+03 2.052076513671413248e-05
1.956574902742170252e+03 2.204396188583056736e-05
1.981210307603639421e+03 2.058523124938815542e-05
2.005985385874378153e+03 2.203023219590068444e-05
2.030718416784926831e+03 2.019727106530585863e-05
2.055880973063568945e+03 2.058923615819142715e-05
2.080382455418402515e+03 1.980883051579830889e-05
2.105557712618713595e+03 1.857590451898080399e-05
2.130092502146483184e+03 1.772558584065674832e-05
2.155491711646385284e+03 1.840406068606604783e-05
2.180127684296914595e+03 1.637435570754550344e-05
2.205026387575882836e+03 1.633323993677943356e-05
2.230017455351220178e+03 1.558155636230142591e-05
2.255119682719406228e+03 1.484648457952392898e-05
2.280510028177853656e+03 1.517138239812658401e-05
2.305337812483498055e+03 1.462874121019474770e-05
2.329799124234251849e+03 1.448931030152222240e-05
2.355102113830138933e+03 1.292091648939054341e-05
2.379884435323776870e+03 1.351908338448738842e-05
2.404474188977581434e+03 1.313153569407647147e-05
2.429116210628148110e+03 1.299685327670154439e-05
2.453900277454457409e+03 1.265480028666896622e-05
2.479320425465453354e+03 1.263961293449576985e-05
2.504437410505684056e+03 1.287817279320635468e-05
2.529660450337931252e+03 1.144950159627214713e-05
2.554324571140115040e+03 1.163289254399220231e-05
2.579234695725440815e+03 1.087448824431595001e-05
2.604219562814339042e+03 1.151689133497210151e-05
2.628903506620857570e+03 1.017038049344403281e-05
2.654062946008500603e+03 1.013467555920847990e-05
2.678680911762054166e+03 1.029214993762387141e-05
2.703622903146771023e+03 1.003589543365705169e-05
2.729205980087911030e+03 9.900628317842341905e-06
2.753878834328938865e+03 8.744926772418500384e-06
2.778952481087816977e+03 8.295279604208695507e-06
2.803489557322846849e+03 8.575310729803409203e-06
2.828289646402775361e+03 8.303393300546951019e-06
2.853561095363522782e+03 8.745304243124966349e-06
2.877945885071945213e+03 8.504189790871803848e-06
2.902944540524165859e+03 8.253549824928706560e-06
2.928173536091293045e+03 7.668463039396584854e-06
2.952553150538934005e+03 7.590316083373600810e-06
2.977705431708855031e+03 7.500155258418884796e-06
3.003028576373639680e+03 7.979573067254744774e-06
3.027891480865302128e+03 7.848385171666596926e-06
3.052854287057475176e+03 8.044227129341801130e-06
3.077547606472258849e+03 7.888859632380184884e-06
3.102236755466057275e+03 7.544186643481027103e-06
3.127585022594540078e+03 7.674346660187509174e-06
3.152311394163810292e+03 7.563341508744534634e-06
3.176836448839389050e+03 7.279275124454607551e-06
3.201976544163877861e+03 7.123517263604603762e-06
3.226831959063379145e+03 7.412715083821391524e-06
3.252027544486772513e+03 8.087844278279985669e-06
3.276724872388234871e+03 7.372610728904416353e-06
3.301690471628510295e+03 7.965763609928528161e-06
3.326863625368995145e+03 7.500654201032336561e-06
3.351449637789712597e+03 7.717116836972135336e-06
3.376511093528903530e+03 7.977379323284557874e-06
3.401340035564920981e+03 8.070551388619208740e-06
3.426396258244183628e+03 8.254990842056670079e-06
3.451319794197677311e+03 8.195388020092144986e-06
3.476300639657266856e+03 7.771460937661217754e-06
3.501027712010134110e+03 8.112719534027215359e-06
3.526229127377529039e+03 8.055385827072747776e-06
3.551309959984941543e+03 8.177602207160294549e-06
3.575814732676853964e+03 7.887646956683455805e-06
3.600680782510244626e+03 7.127975490145485543e-06
3.625595356160667052e+03 7.461929567375225298e-06
3.650476412605600217e+03 7.791324544574344601e-06
3.675822280770561520e+03 6.346219217726805141e-06
3.700852238347037201e+03 6.389245418245381173e-06
3.725285871607895388e+03 6.697908600921799411e-06
3.749991366988624122e+03 6.494737987359900585e-06
3.775177733908396476e+03 6.662027010458974390e-06
3.800084184675965844e+03 6.691414759540642357e-06
3.825381602279641356e+03 6.191497692891223106e-06
3.849517683459817363e+03 5.708355936161548332e-06
3.874540445958595228e+03 5.200715335479746191e-06
3.900194892561774395e+03 5.055589590570792703e-06
3.925188074075284931e+03 4.710154172664299579e-06
3.949428002252996066e+03 4.017542585097079156e-06
3.974602845220964809e+03 4.810786847549492294e-06
3.999433742479489865e+03 4.205528534094388450e-06
4.024561919859000682e+03 3.676766662573280451e-06
4.049535955391079824e+03 3.242682237126733637e-06
4.074042874992347151e+03 3.310479662245898349e-06
4.099340254619081861e+03 2.951642134043335044e-06
4.124107787315476344e+03 2.876093193680170484e-06
4.149335896236532790e+03 2.677155254153253739e-06
4.173460094058562390e+03 2.442575946755787921e-06
4.198654735684611296e+03 2.654826712557030354e-06
4.222613700569840148e+03 1.822056297185103234e-06
4.248333157481051785e+03 1.587282770607600026e-06
4.273737387569552993e+03 1.308834554854831001e-06
4.298143457845222656e+03 1.310475811054746933e-06
4.323526445850968230e+03 1.458906332252540135e-06
4.348230219652078631e+03 1.231595522415664107e-06
4.372699107413796810e+03 1.288074515139311706e-06
4.396601460366646279e+03 1.163522442863816955e-06
4.423609161985129504e+03 1.183873605146485322e-06
4.446714922020149061e+03 1.016708360926060046e-06
4.473227243966768583e+03 1.002175438306130373e-06
4.497882726489716333e+03 8.643281021372834026e-07
4.523051671257159796e+03 7.192286636157810242e-07
4.547812806271634145e+03 8.112409106249740710e-07
4.572712485422697682e+03 9.456277175944011966e-07
4.596478161730957254e+03 5.004507992520074933e-07
4.622596200228859743e+03 5.492446358925085500e-07
4.648553354549442702e+03 5.975152142312507108e-07
4.672501906333723127e+03 5.858380597588432221e-07
4.696954921586606361e+03 5.320579772345694509e-07
4.722872517697942385e+03 5.796550723207792200e-07
4.747061208134865410e+03 6.183957609003012118e-07
4.772226895955825057e+03 6.317926629253075693e-07
4.797294008507978106e+03 6.533202529778292775e-07
4.820222953683653031e+03 6.005810914840396600e-07
4.846920400733135466e+03 4.829055203667880060e-07
4.872239178204607015e+03 5.781510931123970037e-07
4.895816266617654037e+03 4.293812530039121175e-07
4.920384781128777831e+03 3.707835821258518501e-07
4.946420146926830967e+03 4.009952769130186870e-07
4.971460322518921203e+03 2.713099873570005294e-07
4.996341156677633080e+03 3.731756045845433649e-07
5.022396681923235519e+03 3.318211040817730874e-07
5.046070319120875865e+03 2.437061171836317132e-07
5.071089198256911914e+03 2.737999691747622431e-07
5.097119433282529826e+03 2.646764913335944913e-07
5.120841706757870270e+03 3.253622991361531593e-07
5.146122631024674774e+03 2.621130386330254325e-07
5.171634564180827510e+03 2.992101143346653451e-07
5.196012984183043955e+03 3.206808272061247456e-07
5.221463188661400636e+03 3.039525058414674641e-07
5.243845921868023652e+03 2.420068407554965382e-07
5.269672001112516227e+03 1.957008628036039953e-07
5.296171560817671889e+03 2.322375940220498568e-07
5.321531201433958813e+03 2.013240455845747472e-07
5.345874244746501063e+03 2.300722085300017869e-07
5.371050766695445418e+03 2.659408119554962456e-07
5.393853047455008891e+03 2.132405830531070529e-07
5.419604259116859794e+03 2.122601665792932602e-07
5.444673181541197664e+03 2.477178145433395629e-07
5.470623679647145764e+03 2.320840090160825435e-07
5.495258751574106100e+03 2.960090758418695349e-07
5.520283058338013689e+03 3.306083858684355493e-07
5.544322358689553766e+03 2.718838088768479441e-07
5.570345166397160028e+03 2.279303802193750802e-07
5.594814140996831156e+03 2.694616814035561310e-07
5.619128481168867438e+03 2.259088247407099157e-07
5.645163099541313386e+03 1.757120584265727842e-07
5.667590126498741483e+03 1.679421098209796772e-07
5.694943157365392835e+03 1.672071334103820919e-07
5.720538577564134357e+03 1.803517755248894068e-07
5.743648436190187567e+03 2.071953903702419215e-07
5.765039189770636767e+03 1.512869437822225407e-07
5.790961695392202273e+03 1.164007365112243065e-07
5.817941725973189023e+03 1.568089025050455918e-07
5.846665994968324412e+03 1.357740937607418382e-07
5.869530128695520034e+03 1.284376804142216690e-07
5.894097506780298318e+03 1.615510781576007569e-07
5.919586240751042169e+03 1.608708630916818844e-07
5.943430561668782502e+03 2.202699841860569225e-07
5.969643141072670915e+03 1.728214299914892852e-07
5.993311378678496112e+03 2.382962369081489032e-07
6.019212208741992072e+03 1.516144046994927317e-07
6.041963981007458642e+03 1.575539380794802473e-07
6.066938824286778981e+03 1.634446867910376022e-07
6.095680667569641628e+03 5.208838443663648420e-08
6.116579727365276085e+03 5.836073826518245584e-08
6.144660460036300719e+03 6.458220078477466220e-08
6.169555076226556594e+03 5.788913633980700011e-08
6.192294356187436279e+03 6.406242452091456646e-08
6.220129820289786039e+03 7.018622742601987307e-08
6.243172829295213887e+03 5.719585326986880732e-08
6.266586860846388845e+03 7.595791249358308802e-08
6.293077909524716233e+03 8.196184650091592256e-08
6.314237295451067439e+03 1.004781853629820903e-07
6.343245531152510011e+03 6.255211195853462623e-08
6.369485931113338665e+03 4.361510272177268588e-08
6.390577416233497388e+03 5.585793857349692133e-08
6.414938878013496833e+03 4.945867959129153199e-08
6.444110255777094608e+03 8.005944387420492513e-08
6.469358619173756779e+03 3.680812137213155404e-08
6.489605648336721060e+03 6.111137233568855035e-08
6.517698067343781986e+03 7.305321220702348195e-08
6.542795007635078946e+03 5.458118569181762085e-08
6.567961392664497907e+03 7.854028934148665641e-08
6.595103095837489491e+03 6.620591207104653201e-08
6.617233297888725247e+03 5.996049903369756384e-08
6.638762958140811861e+03 7.765615850461967459e-08
6.665641783822487014e+03 9.521951397949607089e-08
6.692025870926880998e+03 1.007939338505022264e-07
6.712619953719591649e+03 1.063269851139336821e-07
6.738722683565276384e+03 1.000486921954171374e-07
6.763322080013799678e+03 1.231343507780421353e-07
6.788525325711012556e+03 8.763034400062484726e-08
6.819062245688485746e+03 8.730994054906846133e-08
6.843339458530269440e+03 1.739837430977904489e-08
6.863148684953649536e+03 2.889203719318830019e-08
6.889511116148192741e+03 2.878754519610680832e-08
6.911973359798736055e+03 2.294704503559883408e-08
6.939403785821742531e+03 4.001313732643770629e-08
6.968356501471653246e+03 2.847855544444897406e-08
6.992502656117087099e+03 2.837702761755369784e-08
7.010184373174621214e+03 2.262097690010218868e-08
7.035050299628052926e+03 3.381135396838275932e-08
7.059798975776448970e+03 3.369208993322085263e-08
7.087638092873758978e+03 3.916927502781374613e-08
7.115268211487441476e+03 3.903207966869781370e-08
7.140320539933422879e+03 3.333929317999321987e-08
7.163758542204778678e+03 3.876055215795808048e-08
7.188241673541658201e+03 3.862620015741049408e-08
7.214053996462114810e+03 4.949071241486116385e-08
7.239979056140608009e+03 4.932034851670422542e-08
7.265753766204652493e+03 6.553487132808350098e-08
7.286923998128662788e+03 6.531082048593608232e-08
7.313950260765111125e+03 3.254414819784713445e-08
7.337690714292992197e+03 4.324485566980560786e-08
7.364506490454034065e+03 7.003508034342378154e-08
7.386216458203736693e+03 3.221486507948763733e-08
7.412751516363370683e+03 2.140438654581122447e-08
7.439256364635136379e+03 3.199902008733014965e-08
7.463990849767462350e+03 2.657681551493662806e-08
7.490399972159172648e+03 3.708372294646558952e-08
7.513437772232510724e+03 2.640051823125641696e-08
7.536611900262604649e+03 5.262648758164282483e-08
7.556541586849589294e+03 4.720778004646535315e-08
7.583894398054296289e+03 2.091233168268886715e-08
7.610396989794848196e+03 3.126581831773525873e-08
7.637562272263993691e+03 3.116380912257253207e-08
7.662468088281710152e+03 4.141661786913073972e-08
7.688474661584959904e+03 9.288532411087268035e-08
