6.000000000000000000e+00 8.634155662735322423e+00
1.800000000000000000e+01 1.206335522361347579e+01
3.000000000000000000e+01 1.174651899431016489e+01
4.200000000000000000e+01 1.005012940246559694e+01
5.400000000000000000e+01 9.452526450362167765e+00
6.600000000000000000e+01 8.226220644456851971e+00
7.800000000000000000e+01 8.053988284712302104e+00
9.000000000000000000e+01 6.603456481433176428e+00
1.020000000000000000e+02 5.874169696993026157e+00
1.140000000000000000e+02 5.132746914713624875e+00
1.260000000000000000e+02 4.378234591907602002e+00
1.380000000000000000e+02 3.426060031002346129e+00
1.500000000000000000e+02 2.930396179973108417e+00
1.620000000000000000e+02 2.203117036318365862e+00
1.740000000000000000e+02 1.544748121025072418e+00
1.860000000000000000e+02 9.800293628382659161e-01
1.980000000000000000e+02 4.384799063466106595e-01
2.100000000000000000e+02 2.199117110499918815e-01
2.220000000000000000e+02 1.104047803430265040e-01
2.340000000000000000e+02 4.409634819283994589e-02
2.460000000000000000e+02 1.196896929756123377e-02
2.580000000000000000e+02 1.542199060967978019e-03
2.700000000000000000e+02 0.000000000000000000e+00
2.820000000000000000e+02 0.000000000000000000e+00
