# Redshift | sigP_r | sigP_s | sigB_r | sigB_s
4.999999999999999584e-02 3.713164640594060000e+14 1.729361920957538125e+14 1.756916874196878731e+27 1.477246602435173107e+27
5.743491774985175907e-02 3.660441574383530625e+14 1.704784964197475312e+14 1.960930326039002209e+27 1.648794650297310040e+27
6.597539553864470441e-02 3.603187799373048125e+14 1.678095992543615625e+14 2.182321677766053253e+27 1.834959566720840010e+27
7.578582832551990223e-02 3.541288923318609375e+14 1.649241732487095938e+14 2.421398849406711886e+27 2.036002790974851650e+27
8.705505632961239859e-02 3.474672562669508125e+14 1.618188510205748750e+14 2.678352080660550265e+27 2.252088311402134931e+27
1.000000000000000056e-01 3.403896130260544375e+14 1.585196144034652500e+14 2.953836700976309156e+27 2.483774429559110325e+27
1.499999999999999944e-01 3.189906500823411875e+14 1.484099682795574375e+14 3.867833955406788474e+27 3.252289163543950508e+27
4.666666666666666741e-01 6.121282085969267500e+14 2.621717637033222812e+14 6.315679331813650599e+00 5.024688614525536501e+00
7.833333333333333259e-01 7.269915809200463750e+14 3.120226940994441875e+14 3.483419162746135278e+00 2.685155780018211757e+00
1.099999999999999867e+00 1.515487015343281598e+02 5.375449547946644202e+01 3.631627936621649511e+00 2.771998159956370333e+00
1.416666666666666519e+00 5.697364106289148822e+01 2.215327273292079369e+01 4.017418185173726286e+00 3.068197579217539772e+00
1.733333333333333171e+00 3.505016951217394450e+01 1.447799977565515306e+01 4.361453497830448001e+00 3.308990944543761525e+00
2.049999999999999822e+00 2.722944894549560857e+01 1.187747878370381649e+01 5.625473914206192028e+00 4.273784593616228200e+00
2.366666666666666696e+00 1.737871543832067545e+01 8.097438887021288778e+00 6.554833357198400101e+00 4.924937728860290242e+00
2.683333333333333126e+00 1.360318065653950192e+01 6.664426369023503050e+00 8.494985402508008931e+00 6.443172521899084515e+00
3.000000000000000000e+00 1.319369023604545177e+01 6.462821450730166895e+00 1.031247875728039709e+01 7.831172335443928212e+00
