# Redshift | sigB_r | sigB_s
4.999999999999999584e-02 2.460445329302337328e+27 2.025180536079895508e+27
5.743491774985175907e-02 2.751630995392078379e+27 2.264948237977092732e+27
6.597539553864470441e-02 3.069551605499535380e+27 2.526761293185135716e+27
7.578582832551990223e-02 3.415597418761093261e+27 2.811777675644085623e+27
8.705505632961239859e-02 3.791511515831315641e+27 3.121451253454436215e+27
1.000000000000000056e-01 4.197132200819293178e+27 3.450430172186920842e+27
1.499999999999999944e-01 5.602666178977139640e+27 4.607276776133956475e+27
4.666666666666666741e-01 2.713765738994996291e+00 2.201239425257147886e+00
7.833333333333333259e-01 1.988223162760803131e+00 1.618417210497866909e+00
1.099999999999999867e+00 1.832741529705605110e+00 1.496154394743421268e+00
1.416666666666666519e+00 1.804784672848068983e+00 1.474807913587978581e+00
1.733333333333333171e+00 1.808578177092209138e+00 1.480841118126532852e+00
2.049999999999999822e+00 1.824299560190537850e+00 1.494691495438454698e+00
2.366666666666666696e+00 1.966123823416052518e+00 1.613107424725941597e+00
2.683333333333333126e+00 2.125379333615303956e+00 1.744313908762062049e+00
3.000000000000000000e+00 2.392536025075571171e+00 1.964773748211804394e+00
