# Redshift | sigP_r | sigP_s | sigB_r | sigB_s
1.400000000000000133e-01 2.987307933467358125e+14 1.375533961958723594e+14 3.355971062805018696e+27 2.764924019607006649e+27
1.924591342464791466e-01 3.786329824661498125e+14 1.684219297664357188e+14 7.332848848470006509e+00 5.958493721151522315e+00
2.645751311064590827e-01 4.213401005303490625e+14 1.870631437275583125e+14 2.582104694809623791e+00 2.064717142575080100e+00
3.637135762564129848e-01 4.652055448157115000e+14 2.065501782407132500e+14 1.870443520175585794e+00 1.485811698469395425e+00
5.000000000000000000e-01 6.123059062252857500e+14 2.627804123178930000e+14 1.571697205253083762e+00 1.244906661411881776e+00
5.999999999999999778e-01 6.656742759101898750e+14 2.852186323436778750e+14 1.613043328120765452e+00 1.267329665881659073e+00
8.666666666666666963e-01 6.404470090305732500e+14 2.846798213931730000e+14 1.811693830849999465e+00 1.418880889029444203e+00
1.133333333333333304e+00 1.165868642344712498e+02 4.245762416993463972e+01 2.125969674586104308e+00 1.642349161539399915e+00
1.399999999999999911e+00 5.430806557373210097e+01 2.117650889608733422e+01 2.570100687847020282e+00 1.972418809029897746e+00
1.666666666666666519e+00 3.762609898556851107e+01 1.557643295623222457e+01 3.002444256741956252e+00 2.319469476309000466e+00
1.933333333333333126e+00 2.571199179412612423e+01 1.124520786758223068e+01 3.279983267951221748e+00 2.550016165715415895e+00
2.200000000000000178e+00 1.905807847712445735e+01 8.832532613880676564e+00 3.934186177085329916e+00 3.007971485952712243e+00
2.466666666666666785e+00 1.719463483759482969e+01 8.047939183171152422e+00 4.195881318734165255e+00 3.257716423263587124e+00
2.733333333333333393e+00 1.311656598120317341e+01 6.464910921557216916e+00 4.817766960019057798e+00 3.752732651677156639e+00
3.000000000000000000e+00 1.278674002232252782e+01 6.290316812903469668e+00 5.249537796514124999e+00 4.144060246778153989e+00
