# kmax | sigP_r | sigP_s | sigB_r | sigB_s
1.000000000000000021e-02 2.255247201302572500e+15 9.791576522262813750e+14 inf inf
2.576301385940816743e-02 1.038162347194753500e+15 4.508054380783342500e+14 3.861712913466055348e+29 3.076348696616844987e+29
6.637328831200570156e-02 1.858658050542934248e+01 8.028377242612329212e+00 1.042484461649458893e+02 8.415981570707673143e+01
1.709975946676696446e-01 4.834818375184370076e+00 2.087813520734817185e+00 2.266126390268723423e+00 1.862354222723224817e+00
4.405413401348632907e-01 2.217470586343498251e+00 9.572771982595372764e-01 3.675214162607760571e-01 3.007533163376929219e-01
1.134967265153673077e+00 1.450576355670888828e+00 6.261531080867664967e-01 9.406882540329750131e-02 7.695651035347948754e-02
2.924017738212863815e+00 1.370010599509590588e+00 5.913708969925794978e-01 6.535264334011288423e-02 5.341103338147191321e-02
7.533150951473333912e+00 1.368820970882943078e+00 5.908580628076551822e-01 5.972993221966008820e-02 4.880703462889601774e-02
1.940766723678213168e+01 1.369571463622352381e+00 5.911813454726861927e-01 6.221077788327161046e-02 5.080644771681778332e-02
4.999999999999999289e+01 1.368205269572225991e+00 5.905928908183272208e-01 6.120250085541786844e-02 4.997191780756026630e-02
