# Redshift | sigP_r | sigP_s | sigB_r | sigB_s
1.400000000000000133e-01 inf inf 5.343913534358458377e+27 4.394241069393212983e+27
1.924591342464791466e-01 inf inf 1.189113715939790872e+01 9.566591270016285620e+00
2.645751311064590827e-01 inf inf 4.266672022863154723e+00 3.454306563040861366e+00
3.637135762564129848e-01 inf inf 2.971442165409646119e+00 2.410725499674295946e+00
5.000000000000000000e-01 inf inf 2.271217808664967031e+00 1.847379956831347148e+00
5.999999999999999778e-01 inf inf 2.168615096002517895e+00 1.763968107928681750e+00
8.666666666666666963e-01 inf inf 1.970986624384623020e+00 1.604626842138069831e+00
1.133333333333333304e+00 inf inf 1.829295612249823844e+00 1.493534261226687088e+00
1.399999999999999911e+00 inf inf 1.807160106090022644e+00 1.476667343596161919e+00
1.666666666666666519e+00 inf inf 1.796965263103954324e+00 1.471070369403616684e+00
1.933333333333333126e+00 5.700343643114263870e+01 1.900114547704754742e+01 1.819176554005335067e+00 1.490190776430772690e+00
2.200000000000000178e+00 2.444547295679679166e+01 8.366974248731064989e+00 1.871865141311980008e+00 1.534078673963192641e+00
2.466666666666666785e+00 1.665127451908622902e+01 5.824322052667623595e+00 2.015234602494701210e+00 1.653610747219104393e+00
2.733333333333333393e+00 1.260489903776189813e+01 4.517557495553810476e+00 2.157439394636478713e+00 1.770682167525729156e+00
3.000000000000000000e+00 1.334420306845861681e+01 4.782598248747429892e+00 2.392536025075571171e+00 1.964773748211804394e+00
