# kFG | sigP_r | sigP_s | sigB_r | sigB_s
3.000000000000000930e-03 3.548188773000779395e-01 2.872754942681517432e-01 4.036222999251292687e-01 3.303671294743841247e-01
5.004301611600179417e-03 4.020518458342703383e-01 3.204488968959031681e-01 4.502192923672791447e-01 3.684719364421854548e-01
8.347678206621380465e-03 4.714508109975630856e-01 3.664781901123987384e-01 5.040925894524558304e-01 4.125953484859080644e-01
1.392476650083833770e-02 5.759217114454057151e-01 4.326830770779115376e-01 5.616647257095795931e-01 4.597157967049744220e-01
2.322791048043381865e-02 7.402583595289535801e-01 5.342826708503626287e-01 6.212056976913341577e-01 5.081676228817779695e-01
3.874648995044653599e-02 1.010582040693973171e+00 7.007917201688725894e-01 6.871526027609600185e-01 5.613817218312860957e-01
6.463304070095653164e-02 1.468362772668619254e+00 9.849302838394085047e-01 7.759576338838610754e-01 6.328068548229882628e-01
1.078144099141388063e-01 2.250728679246329023e+00 1.475499860452327061e+00 9.254760751527342233e-01 7.533472257531556027e-01
1.798452750956823221e-01 3.581706205609857196e+00 2.316934515342911727e+00 1.217352358964278958e+00 9.892810217068576106e-01
2.999999999999999334e-01 5.827153708293885792e+00 3.743468275734828765e+00 1.846097596166196064e+00 1.498173180136148641e+00
