# Redshift | sigP_r | sigP_s | sigB_r | sigB_s
4.999999999999999584e-02 inf inf 2.856098260290137748e+27 2.364374580394765403e+27
5.743491774985175907e-02 inf inf 3.187644001316236299e+27 2.638902597089785205e+27
6.597539553864470441e-02 inf inf 3.547399729150539689e+27 2.936808003195249694e+27
7.578582832551990223e-02 inf inf 3.935854795479294044e+27 3.258502600728553697e+27
8.705505632961239859e-02 inf inf 4.353303963448426885e+27 3.604238947703054777e+27
1.000000000000000056e-01 inf inf 4.800792852376685964e+27 3.974893951405770997e+27
1.499999999999999944e-01 inf inf 6.284225483171351287e+27 5.203936554993714568e+27
4.666666666666666741e-01 inf inf 1.054778149490680406e+01 8.536029220725987798e+00
7.833333333333333259e-01 inf inf 5.358644976320696252e+00 4.367937607808314304e+00
1.099999999999999867e+00 inf inf 4.627397618130590473e+00 3.777067224680453084e+00
1.416666666666666519e+00 inf inf 4.380701596342985837e+00 3.572773954076858605e+00
1.733333333333333171e+00 inf inf 3.924522941687250466e+00 3.209322567415707095e+00
2.049999999999999822e+00 8.359739071889873685e+01 2.786579690629957540e+01 4.123098374282615275e+00 3.378342165053215940e+00
2.366666666666666696e+00 3.412835628896118578e+01 1.168122671729197748e+01 4.403329334701825637e+00 3.607502966214768847e+00
2.683333333333333126e+00 2.225349143926525386e+01 7.784044128063203338e+00 4.826817825190984124e+00 3.954556208682436846e+00
3.000000000000000000e+00 1.629069825298669016e+01 5.838794901092356326e+00 5.496623401483175186e+00 4.509317245029411225e+00
