# Redshift | sigP_r | sigP_s | sigB_r | sigB_s
4.999999999999999584e-02 3.713164640594060000e+14 1.729361920957538125e+14 6.984470273806348102e+27 5.685612521156960026e+27
5.743491774985175907e-02 3.660441574383530625e+14 1.704784964197475312e+14 7.788964340469502655e+27 6.340937370363985718e+27
6.597539553864470441e-02 3.603187799373048125e+14 1.678095992543615625e+14 8.659610719623814879e+27 7.050287175612659184e+27
7.578582832551990223e-02 3.541288923318609375e+14 1.649241732487095938e+14 9.596626421090664992e+27 7.813884427500157671e+27
8.705505632961239859e-02 3.474672562669508125e+14 1.618188510205748750e+14 1.059945744105789137e+28 8.631328607062502708e+27
1.000000000000000056e-01 3.403896130260544375e+14 1.585196144034652500e+14 1.166901709526754151e+28 9.503406036757217036e+27
1.499999999999999944e-01 3.174663634909790625e+14 1.478341447605343438e+14 1.515690395225399223e+28 1.234991273304870603e+28
4.666666666666666741e-01 1.040218802934887066e+01 4.491354891393773308e+00 1.826734334985716757e+01 1.445197343726145256e+01
7.833333333333333259e-01 5.608717181534597529e+00 2.422137807206547144e+00 8.319458702206770084e+00 6.655503454905539407e+00
1.099999999999999867e+00 3.497511318076329978e+00 1.566152364270839703e+00 6.202560143570220674e+00 4.985443037767042007e+00
1.416666666666666519e+00 2.436701399281619107e+00 1.132752077893534715e+00 4.894666164046160617e+00 3.965954737403212249e+00
1.733333333333333171e+00 2.135983916027651919e+00 9.931282538621922784e-01 3.609882131780490333e+00 2.956975049440172310e+00
2.049999999999999822e+00 1.658937647218343026e+00 8.016435072626547642e-01 3.126206103537286118e+00 2.563648948863773480e+00
2.366666666666666696e+00 1.346374978582947746e+00 6.768852977326887954e-01 2.787595373211274818e+00 2.300347131774229670e+00
2.683333333333333126e+00 1.137203128301579769e+00 5.953767863320843512e-01 2.593390171771869035e+00 2.147805167927109071e+00
3.000000000000000000e+00 1.141024689506901613e+00 5.976067406705496410e-01 2.523695936074288770e+00 2.095442529093443973e+00
