# Redshift | sigP_r | sigP_s | sigB_r | sigB_s
1.400000000000000133e-01 5.989502201822653125e+13 4.936281737624742969e+13 2.482183153030598085e+27 2.026606880800928729e+27
1.924591342464791466e-01 2.517659222581439149e+00 2.058138063601356205e+00 6.572937845930023393e+00 5.341465396570677093e+00
2.645751311064590827e-01 9.327440726007716343e-01 7.622787632552018300e-01 2.049193542932412626e+00 1.668821895757566676e+00
3.637135762564129848e-01 6.181317925148511749e-01 5.049491190845935007e-01 1.243259712357684954e+00 1.013206260308481044e+00
5.000000000000000000e-01 4.814291892397997707e-01 3.927878281943703587e-01 8.025254239806458578e-01 6.548890391298236580e-01
5.999999999999999778e-01 4.348326169258914797e-01 3.539246508858596707e-01 7.871897590171490489e-01 6.425431995577468580e-01
8.666666666666666963e-01 3.690048159969934738e-01 2.969774662666448961e-01 7.206021629619557833e-01 5.868795917089475456e-01
1.133333333333333304e+00 3.430311216442553102e-01 2.708808161805973391e-01 7.175154148405851195e-01 5.819368955332566706e-01
1.399999999999999911e+00 3.349852090599469423e-01 2.588217392529908456e-01 7.478367629986064635e-01 6.060540078556901911e-01
1.666666666666666519e+00 3.384212760383776275e-01 2.555844367974287601e-01 7.803091798808344803e-01 6.322823522470751856e-01
1.933333333333333126e+00 3.487483137698424995e-01 2.590962516235415514e-01 8.235202397295803278e-01 6.686571256645598149e-01
2.200000000000000178e+00 3.670482944096987166e-01 2.695001052334709546e-01 8.790630676210275940e-01 7.151733132928522751e-01
2.466666666666666785e+00 3.891891641991471196e-01 2.849301426762043121e-01 9.724085878538717420e-01 7.920569710303705380e-01
2.733333333333333393e+00 4.166071426293112556e-01 3.043344347147640128e-01 1.074266266817168303e+00 8.757679041453071411e-01
3.000000000000000000e+00 4.508405501084615796e-01 3.288129074636675364e-01 1.214198057685685450e+00 9.906978357841323968e-01
