# Redshift | sigPB_r | sigPB_s
1.400000000000000133e-01 2.368274557202256250e+14 1.101636191356163438e+14
1.924591342464791466e-01 6.385319354733166364e+00 4.372382873126563929e+00
2.645751311064590827e-01 2.402926830346259646e+00 1.760125034171593272e+00
3.637135762564129848e-01 1.656813303108466640e+00 1.192232190273337045e+00
5.000000000000000000e-01 1.290268659665539275e+00 9.443564311236368747e-01
5.999999999999999778e-01 1.218915438448978872e+00 8.749540142468129611e-01
8.666666666666666963e-01 1.048630669248377112e+00 7.031929295594832041e-01
1.133333333333333304e+00 9.550933717663298017e-01 6.260751704341852575e-01
1.399999999999999911e+00 8.751375238066133599e-01 5.439868895323822784e-01
1.666666666666666519e+00 8.508903662391694711e-01 5.197656210013305023e-01
1.933333333333333126e+00 7.883266611311610106e-01 4.675890017012134248e-01
2.200000000000000178e+00 7.336969275482104758e-01 4.296368498844045369e-01
2.466666666666666785e+00 7.612930053148970755e-01 4.410271666831456217e-01
2.733333333333333393e+00 7.317113892674783626e-01 4.247266032385871859e-01
3.000000000000000000e+00 7.858272515371688138e-01 4.531540948947125891e-01
