# Redshift | sigP_r | sigP_s | sigB_r | sigB_s
1.400000000000000133e-01 5.989502201822653125e+13 4.936281737624742969e+13 2.469097248552692518e+27 2.016884868789324021e+27
1.924591342464791466e-01 2.325026102029881692e+00 1.901786579316615322e+00 6.455569405866657284e+00 5.247369645552004691e+00
2.645751311064590827e-01 8.166093220667733910e-01 6.681039503971284432e-01 1.925081222175336615e+00 1.568187819862894017e+00
3.637135762564129848e-01 5.196527680492034618e-01 4.252983930981041327e-01 1.107262785383442028e+00 9.030365466031161636e-01
5.000000000000000000e-01 3.868996148400526969e-01 3.167758575074112737e-01 6.640975887072442241e-01 5.428013763081135368e-01
5.999999999999999778e-01 3.402574974820305465e-01 2.786810427221301789e-01 6.358315360994359899e-01 5.196777941286713220e-01
8.666666666666666963e-01 2.734703703428784660e-01 2.241129647540421599e-01 5.502494768546681847e-01 4.494371414436584278e-01
1.133333333333333304e+00 2.446206878653408856e-01 2.006386805579545851e-01 5.298445851353733582e-01 4.324432065739131636e-01
1.399999999999999911e+00 2.296546700783464456e-01 1.885476629114568037e-01 5.444211709480860639e-01 4.440788255804725693e-01
1.666666666666666519e+00 2.228792871193109315e-01 1.831636337411942927e-01 5.649696770016923164e-01 4.606468353934119464e-01
1.933333333333333126e+00 2.229234366340697437e-01 1.833851602906385603e-01 5.991012540362686822e-01 4.886850552194957897e-01
2.200000000000000178e+00 2.283272727457094364e-01 1.880316895842401304e-01 6.431089989623361980e-01 5.249782815076797782e-01
2.466666666666666785e+00 2.392237147206385528e-01 1.972430233594370808e-01 7.139080801444050994e-01 5.832379823592221957e-01
2.733333333333333393e+00 2.558353794392369540e-01 2.112253316405319492e-01 7.957759343892479853e-01 6.511969449071866034e-01
3.000000000000000000e+00 2.791930135165178184e-01 2.308569887452753544e-01 9.118597528300332877e-01 7.473451991939317196e-01
