# sig0 | sigP_r | sigP_s | sigB_r | sigB_s
1.000000000000000021e-02 1.767475040067095771e-01 1.324089182477022064e-01 2.092791995253285853e-01 1.762857879634174840e-01
1.291549665014883955e-02 2.680067617863209350e-01 1.866127466758075448e-01 2.824078475479961936e-01 2.373844725267892086e-01
1.668100537200059227e-02 4.130739503895187736e-01 2.654187289232324831e-01 3.705985050669334813e-01 3.091252237428281369e-01
2.154434690031883232e-02 8.253038890069794853e-01 4.492565239087047968e-01 4.867033932486796166e-01 4.028595942529879514e-01
2.782559402207124277e-02 1.902384503867792231e+00 8.838074789395421460e-01 6.293255967838564668e-01 5.169609717343004451e-01
3.593813663804627800e-02 8.048986507025059467e+00 3.048482222176081002e+00 8.121195580084407117e-01 6.648107061504293647e-01
4.641588833612777382e-02 inf inf 1.048932803510342682e+00 8.561130794896563145e-01
5.994842503189409116e-02 inf inf 1.354909913779622999e+00 1.105445952673356214e+00
7.742636826811269413e-02 inf inf 1.751452525146277805e+00 1.429471954652852705e+00
1.000000000000000056e-01 inf inf 2.263886818167442971e+00 1.848913567915914546e+00
