# Redshift | sigP_r | sigP_s | sigB_r | sigB_s
4.999999999999999584e-02 3.713164640594060000e+14 1.729361920957538125e+14 1.756916874196878731e+27 1.477246602435173107e+27
5.743491774985175907e-02 3.660441574383530625e+14 1.704784964197475312e+14 1.960930326039002209e+27 1.648794650297310040e+27
6.597539553864470441e-02 3.603187799373048125e+14 1.678095992543615625e+14 2.182321677766053253e+27 1.834959566720840010e+27
7.578582832551990223e-02 3.541288923318609375e+14 1.649241732487095938e+14 2.421398849406711886e+27 2.036002790974851650e+27
8.705505632961239859e-02 3.474672562669508125e+14 1.618188510205748750e+14 2.678352080660550265e+27 2.252088311402134931e+27
1.000000000000000056e-01 3.403896130260544375e+14 1.585196144034652500e+14 2.953836700976309156e+27 2.483774429559110325e+27
1.499999999999999944e-01 3.174663634909790625e+14 1.478341447605343438e+14 3.867398472280581230e+27 3.252228537998192501e+27
4.666666666666666741e-01 1.040218802934887066e+01 4.491354891393773308e+00 6.297212589403276439e+00 5.146389592952057335e+00
7.833333333333333259e-01 5.608717181534597529e+00 2.422137807206547144e+00 3.220017033125035510e+00 2.643294544608064012e+00
1.099999999999999867e+00 3.497511318076329978e+00 1.566152364270839703e+00 2.775602722608967454e+00 2.278794346528054238e+00
1.416666666666666519e+00 2.436701399281619107e+00 1.132752077893534715e+00 2.625106835626431323e+00 2.159637108550308326e+00
1.733333333333333171e+00 2.135983916027651919e+00 9.931282538621922784e-01 2.356927138605038330e+00 1.944027943513602752e+00
2.049999999999999822e+00 1.658937647218343026e+00 8.016435072626547642e-01 2.480375956052207620e+00 2.041458237544837573e+00
2.366666666666666696e+00 1.346374978582947746e+00 6.768852977326887954e-01 2.653800773160731818e+00 2.190209308041511704e+00
2.683333333333333126e+00 1.137203128301579769e+00 5.953767863320843512e-01 2.918937076273898867e+00 2.411604201156964500e+00
3.000000000000000000e+00 1.141024689506901613e+00 5.976067406705496410e-01 3.317655047562569237e+00 2.741813427639134382e+00
