# Redshift | sigP_r | sigP_s | sigB_r | sigB_s
1.400000000000000133e-01 2.987307933467358125e+14 1.375533961958723594e+14 1.703576215618244528e+27 1.411887286240143193e+27
1.924591342464791466e-01 3.786329824661498125e+14 1.684219297664357188e+14 4.686459614177484134e+00 3.835540777765868103e+00
2.645751311064590827e-01 4.213401005303490625e+14 1.870631437275583125e+14 1.591281559506043441e+00 1.282054493287967611e+00
3.637135762564129848e-01 4.652055448157115000e+14 2.065501782407132500e+14 1.097489344883866957e+00 8.786385007852490769e-01
5.000000000000000000e-01 6.123059062252857500e+14 2.627804123178930000e+14 8.951490820136703830e-01 7.151459189241727854e-01
5.999999999999999778e-01 6.656742759101898750e+14 2.852186323436778750e+14 9.114503740464475756e-01 7.243054380125658609e-01
8.666666666666666963e-01 6.404470090305732500e+14 2.846798213931730000e+14 1.002075681550838704e+00 7.975902378703492168e-01
1.133333333333333304e+00 1.165868642344712498e+02 4.245762416993463972e+01 1.187822176200236335e+00 9.367935831434484051e-01
1.399999999999999911e+00 5.430806557373210097e+01 2.117650889608733422e+01 1.510305632421579780e+00 1.187027072354096324e+00
1.666666666666666519e+00 3.762609898556851107e+01 1.557643295623222457e+01 1.931470968736836546e+00 1.524511250167864151e+00
1.933333333333333126e+00 2.571199179412612423e+01 1.124520786758223068e+01 2.356601548495957932e+00 1.865364957458696127e+00
2.200000000000000178e+00 1.905807847712445735e+01 8.832532613880676564e+00 3.167988806103083199e+00 2.456434913611167392e+00
2.466666666666666785e+00 1.719463483759482969e+01 8.047939183171152422e+00 3.814622560887993341e+00 2.983801601509601387e+00
2.733333333333333393e+00 1.311656598120317341e+01 6.464910921557216916e+00 4.918017638029979821e+00 3.833861100108494568e+00
3.000000000000000000e+00 1.278674002232252782e+01 6.290316812903469668e+00 6.004216776488616958e+00 4.715536464347914958e+00
