# Redshift | sigP_r | sigP_s | sigB_r | sigB_s
4.999999999999999584e-02 inf inf 1.181832595692639901e+28 9.596254902684544181e+27
5.743491774985175907e-02 inf inf 1.317732704819438395e+28 1.070127424343152380e+28
6.597539553864470441e-02 inf inf 1.464741207989843977e+28 1.189706721019770824e+28
7.578582832551990223e-02 inf inf 1.622874463153559265e+28 1.318390846181074656e+28
8.705505632961239859e-02 inf inf 1.792016514446924780e+28 1.456101848119468444e+28
1.000000000000000056e-01 inf inf 1.972302719379838734e+28 1.602965952501202259e+28
1.499999999999999944e-01 inf inf 2.559171766921194932e+28 2.081752381347974451e+28
4.666666666666666741e-01 inf inf 3.194202746135952964e+01 2.520169996501176968e+01
7.833333333333333259e-01 inf inf 1.427955214308461684e+01 1.145128032925575212e+01
1.099999999999999867e+00 inf inf 1.060683814793095259e+01 8.548564719083740826e+00
1.416666666666666519e+00 inf inf 8.320262653241023543e+00 6.724318823146220758e+00
1.733333333333333171e+00 inf inf 6.059541679342771658e+00 4.938992828298806259e+00
2.049999999999999822e+00 8.359739071889873685e+01 2.786579690629957540e+01 5.210215832632459687e+00 4.267710314169627317e+00
2.366666666666666696e+00 3.412835628896118578e+01 1.168122671729197748e+01 4.619573202873469953e+00 3.790373258035289794e+00
2.683333333333333126e+00 2.225349143926525386e+01 7.784044128063203338e+00 4.268779898077419865e+00 3.507945068077423123e+00
3.000000000000000000e+00 1.629069825298669016e+01 5.838794901092356326e+00 4.151038123735638408e+00 3.420988665187861155e+00
