# Redshift | sigP_r | sigP_s | sigB_r | sigB_s
1.400000000000000133e-01 2.368274557202256250e+14 1.101636191356163438e+14 1.664708289996656291e+27 1.383570929587242267e+27
1.924591342464791466e-01 1.511809198166479007e+01 6.765346150033789030e+00 4.442008750434826680e+00 3.638441491464520006e+00
2.645751311064590827e-01 7.519244370164524405e+00 3.364950604042472371e+00 1.542098758812703085e+00 1.262858851013228589e+00
3.637135762564129848e-01 4.747217309321818846e+00 2.124548009552684746e+00 1.027357271845349196e+00 8.418899366892930169e-01
5.000000000000000000e-01 4.195078065460566386e+00 1.811026639054817311e+00 7.775797678813328728e-01 6.377569214792717656e-01
5.999999999999999778e-01 3.613773966339715038e+00 1.560123805700131872e+00 7.408640312702394759e-01 6.076367574301443364e-01
8.666666666666666963e-01 2.302358825759748040e+00 1.030532269846077487e+00 6.793583176264207379e-01 5.574541372976685727e-01
1.133333333333333304e+00 1.951880504829726304e+00 8.737271582187008390e-01 6.664727024036863900e-01 5.478816055718521705e-01
1.399999999999999911e+00 1.477860433810388896e+00 6.866889640768015779e-01 7.141261298598453600e-01 5.874933579125909411e-01
1.666666666666666519e+00 1.377113825473804898e+00 6.399450434334741367e-01 7.821747594525466640e-01 6.448141124329508367e-01
1.933333333333333126e+00 1.131128607127879881e+00 5.462255132109644640e-01 8.812024059169556445e-01 7.258300666557335745e-01
2.200000000000000178e+00 9.634815897386382888e-01 4.839821753184939124e-01 1.010741236696426792e+00 8.333935797550375835e-01
2.466666666666666785e+00 9.777659099004466503e-01 4.912731464180937757e-01 1.208835468197347440e+00 9.968823089213955102e-01
2.733333333333333393e+00 8.827145542681243962e-01 4.618222766400165158e-01 1.452354953363782064e+00 1.198856709436585843e+00
3.000000000000000000e+00 9.346559536116103573e-01 4.891861659244182703e-01 1.795691586984787813e+00 1.483863691177216948e+00
