# kFG | sigP_r | sigP_s | sigB_r | sigB_s
3.000000000000000930e-03 3.802318750080012633e-01 3.073693428853626619e-01 4.477973228732796129e-01 3.663814442565479501e-01
5.004301611600179417e-03 4.546928095093618616e-01 3.559059432624812613e-01 5.250310246712706075e-01 4.296670803182719989e-01
8.347678206621380465e-03 5.797039182691747783e-01 4.165957961364740170e-01 6.025020898577561068e-01 4.942014184015333655e-01
1.392476650083833770e-02 1.013036561919719247e+00 5.743203793388829137e-01 6.540123242309495710e-01 5.369800063139815727e-01
2.322791048043381865e-02 5.355425116476030034e+00 2.091131092849371598e+00 6.889322494646666906e-01 5.647278449608171824e-01
3.874648995044653599e-02 inf inf 7.242063647457465114e-01 5.935045703542730644e-01
6.463304070095653164e-02 inf inf 7.996861645864685730e-01 6.527425415707504008e-01
1.078144099141388063e-01 inf inf 9.413513866003264674e-01 7.732609294888957985e-01
1.798452750956823221e-01 inf inf 1.302146954160274595e+00 1.053544153063135980e+00
2.999999999999999334e-01 inf inf inf inf
