# Redshift | sigPB_r | sigPB_s
1.400000000000000133e-01 2.368274557202256250e+14 1.101636191356163438e+14
1.924591342464791466e-01 4.261852348266694790e+00 3.204419478933007603e+00
2.645751311064590827e-01 1.510656380821559619e+00 1.182335756514253600e+00
3.637135762564129848e-01 1.004112817121841639e+00 7.826784100363755048e-01
5.000000000000000000e-01 7.645569018695475005e-01 6.015474273067408228e-01
5.999999999999999778e-01 7.257691213170516242e-01 5.662071948350223538e-01
8.666666666666666963e-01 6.515846029167293718e-01 4.903144766453877978e-01
1.133333333333333304e+00 6.307186266191372459e-01 4.641718739733103893e-01
1.399999999999999911e+00 6.429922147459883330e-01 4.464104600515731436e-01
1.666666666666666519e+00 6.801255726474172425e-01 4.542211694821556289e-01
1.933333333333333126e+00 6.951512617132945548e-01 4.364450149281746683e-01
2.200000000000000178e+00 6.973934024563402945e-01 4.185258117588007698e-01
2.466666666666666785e+00 7.602141838497779025e-01 4.406681853828285367e-01
2.733333333333333393e+00 7.543195714982869893e-01 4.309525891508287354e-01
3.000000000000000000e+00 8.290730101609811165e-01 4.645907260635641634e-01
