# Redshift | sigP_r | sigP_s | sigB_r | sigB_s
4.999999999999999584e-02 inf inf 1.181832595692639901e+28 9.596254902684544181e+27
5.743491774985175907e-02 inf inf 1.317732704819438395e+28 1.070127424343152380e+28
6.597539553864470441e-02 inf inf 1.464741207989843977e+28 1.189706721019770824e+28
7.578582832551990223e-02 inf inf 1.622874463153559265e+28 1.318390846181074656e+28
8.705505632961239859e-02 inf inf 1.792016514446924780e+28 1.456101848119468444e+28
1.000000000000000056e-01 inf inf 1.972302719379838734e+28 1.602965952501202259e+28
1.499999999999999944e-01 inf inf 2.559171766921194932e+28 2.081752381347974451e+28
4.666666666666666741e-01 inf inf 3.230423644429109942e+01 2.446022973366143205e+01
7.833333333333333259e-01 inf inf 1.766403982618511392e+01 1.289355950084827462e+01
1.099999999999999867e+00 inf inf 1.645655629023473310e+01 1.235253792953789187e+01
1.416666666666666519e+00 inf inf 1.570142807968548304e+01 1.143197345717733882e+01
1.733333333333333171e+00 inf inf 1.392666744022664105e+01 1.033351889256929645e+01
2.049999999999999822e+00 2.875798225488930400e+16 9.585994084963102000e+15 1.454148611543771175e+01 1.094214817726086686e+01
2.366666666666666696e+00 7.117377277569964917e+02 2.424590071959954685e+02 1.399566979608046857e+01 1.069848608708324100e+01
2.683333333333333126e+00 3.380952783083744748e+02 1.177156706676685900e+02 1.531198495440706786e+01 1.162268195121983538e+01
3.000000000000000000e+00 2.447946442281293571e+02 8.722892375789922426e+01 1.578028607514623260e+01 1.217550925098834291e+01
