# Redshift | sigP_r | sigP_s 
1.400000000000000133e-01 inf inf
1.924591342464791466e-01 inf inf
2.645751311064590827e-01 inf inf
3.637135762564129848e-01 inf inf
5.000000000000000000e-01 inf inf
5.999999999999999778e-01 inf inf
8.666666666666666963e-01 inf inf
1.133333333333333304e+00 inf inf
1.399999999999999911e+00 inf inf
1.666666666666666519e+00 inf inf
1.933333333333333126e+00 5.700343643114263870e+01 1.900114547704754742e+01
2.200000000000000178e+00 2.444547295679679166e+01 8.366974248731064989e+00
2.466666666666666785e+00 1.665127451908622902e+01 5.824322052667623595e+00
2.733333333333333393e+00 1.260489903776189813e+01 4.517557495553810476e+00
3.000000000000000000e+00 1.334420306845861681e+01 4.782598248747429892e+00
