# Redshift | sigP_r | sigP_s | sigB_r | sigB_s
1.400000000000000133e-01 7.201341794511839062e+13 4.279251742896491406e+13 2.222350825796156884e+27 1.854301320708197724e+27
1.924591342464791466e-01 3.802141019355033791e+00 2.246115672949657416e+00 4.736330830405782955e+00 3.943342756498705359e+00
2.645751311064590827e-01 1.872542096303642101e+00 1.106352521970035863e+00 1.691653656342342549e+00 1.397561056980546779e+00
3.637135762564129848e-01 1.182420959902051205e+00 6.987944774868252162e-01 1.170949403671696976e+00 9.648368591447371578e-01
5.000000000000000000e-01 9.728084606839052517e-01 5.517091594342466987e-01 8.923010335502684631e-01 7.349938808180171979e-01
5.999999999999999778e-01 8.386742430735044662e-01 4.757126662883010559e-01 8.518462152690983169e-01 7.017665812786098023e-01
8.666666666666666963e-01 5.753062849854553296e-01 3.402346967067894079e-01 7.733741834431351325e-01 6.368952883347078764e-01
1.133333333333333304e+00 4.889567273278560000e-01 2.892725630874302678e-01 7.254984646377741209e-01 5.993934086570752440e-01
1.399999999999999911e+00 4.377883116846535416e-01 2.591066317567139454e-01 7.175374181134964724e-01 5.931520560371221773e-01
1.666666666666666519e+00 3.704794447947425406e-01 2.286678120389501467e-01 7.185212931010112047e-01 5.947087713654797270e-01
1.933333333333333126e+00 3.562632452290789287e-01 2.200256628534091596e-01 7.273138258904536801e-01 6.029147786518660457e-01
2.200000000000000178e+00 3.234502584552777504e-01 2.083130790814563815e-01 7.540344252717756657e-01 6.282440733061710469e-01
2.466666666666666785e+00 3.277526890577563967e-01 2.112807969193566948e-01 8.071032011099529280e-01 6.733718759772456819e-01
2.733333333333333393e+00 3.412503055008949127e-01 2.202274394390265622e-01 8.726547284403297633e-01 7.301203362372943317e-01
3.000000000000000000e+00 3.332612814031959414e-01 2.242987461368168567e-01 9.708630174209998964e-01 8.160045239969926367e-01
