# Redshift | sigP_r | sigP_s | sigB_r | sigB_s
1.400000000000000133e-01 2.368274557202256250e+14 1.101636191356163438e+14 3.253221193646145251e+27 2.692986894447581707e+27
1.924591342464791466e-01 1.511809198166479007e+01 6.765346150033789030e+00 7.044494730994795617e+00 5.729831703542289212e+00
2.645751311064590827e-01 7.519244370164524405e+00 3.364950604042472371e+00 2.535903029199989334e+00 2.065181167056215461e+00
3.637135762564129848e-01 4.747217309321818846e+00 2.124548009552684746e+00 1.767984107513228986e+00 1.440414618894361842e+00
5.000000000000000000e-01 4.195078065460566386e+00 1.811026639054817311e+00 1.355998884414269856e+00 1.106732985606996067e+00
5.999999999999999778e-01 3.613773966339715038e+00 1.560123805700131872e+00 1.294792541213038772e+00 1.056790172065102507e+00
8.666666666666666963e-01 2.302358825759748040e+00 1.030532269846077487e+00 1.177897072469804796e+00 9.619375073945124477e-01
1.133333333333333304e+00 1.951880504829726304e+00 8.737271582187008390e-01 1.095159264353585016e+00 8.975618699599072770e-01
1.399999999999999911e+00 1.477860433810388896e+00 6.866889640768015779e-01 1.086025700655059767e+00 8.913771924089859411e-01
1.666666666666666519e+00 1.377113825473804898e+00 6.399450434334741367e-01 1.082182086251882058e+00 8.909643939248961253e-01
1.933333333333333126e+00 1.131128607127879881e+00 5.462255132109644640e-01 1.099278068851419432e+00 9.045756583841941811e-01
2.200000000000000178e+00 9.634815897386382888e-01 4.839821753184939124e-01 1.131972404496461859e+00 9.331838768171518694e-01
2.466666666666666785e+00 9.777659099004466503e-01 4.912731464180937757e-01 1.213187176565299952e+00 1.001059274320661219e+00
2.733333333333333393e+00 8.827145542681243962e-01 4.618222766400165158e-01 1.308151408813958527e+00 1.081611683660550272e+00
3.000000000000000000e+00 9.346559536116103573e-01 4.891861659244182703e-01 1.451477460905554517e+00 1.203016516483690346e+00
