# kFG | sigP_r | sigP_s | sigB_r | sigB_s
3.000000000000000930e-03 8.757139233186425065e-01 7.172774689211954824e-01 2.465735853439403158e+00 1.953696039166843867e+00
5.004301611600179417e-03 1.025121284234428831e+00 8.299817606935129266e-01 2.882060316397681010e+00 2.284726338663694012e+00
8.347678206621380465e-03 1.232015480775541683e+00 9.794441870387937676e-01 3.397680326724223043e+00 2.695430559884114619e+00
1.392476650083833770e-02 1.519176424684384186e+00 1.178559578125458529e+00 3.991277488682205110e+00 3.168152010276233277e+00
2.322791048043381865e-02 1.932037462184555521e+00 1.454790243917754466e+00 4.656214973521729306e+00 3.696041884262045496e+00
3.874648995044653599e-02 2.554404064082778092e+00 1.859716439521972298e+00 5.417646298029285212e+00 4.296941626237583911e+00
6.463304070095653164e-02 3.541706395290980414e+00 2.491061968459015841e+00 6.394200142546218935e+00 5.063392966549542074e+00
1.078144099141388063e-01 5.177896429430417058e+00 3.531509874345223121e+00 7.912430114981444440e+00 6.252698210679752400e+00
1.798452750956823221e-01 7.957770849903825550e+00 5.305607911116459796e+00 1.072402368520206117e+01 8.455644598860164507e+00
2.999999999999999334e-01 1.269768385330027449e+01 8.351745384986505982e+00 1.662433393836282036e+01 1.308095524613408500e+01
