# Redshift | sigPB_r | sigPB_s
4.999999999999999584e-02 3.209424461870667322e+00 2.571125470800026402e+00
5.743491774985175907e-02 2.834985099235195261e+00 2.270350095637251986e+00
6.597539553864470441e-02 2.506700871809724784e+00 2.006592739169439810e+00
7.578582832551990223e-02 2.222617200184040076e+00 1.778266404093135744e+00
8.705505632961239859e-02 1.976395772563784847e+00 1.579279527869305699e+00
1.000000000000000056e-01 1.766269126963668112e+00 1.410243022470931473e+00
1.499999999999999944e-01 1.319656869070022998e+00 1.049490044352687335e+00
4.666666666666666741e-01 2.121577152963220581e+00 1.581412578494858945e+00
7.833333333333333259e-01 4.704664744497003781e+00 2.924749075192970338e+00
1.099999999999999867e+00 6.781606976014236565e+00 3.567578946031472853e+00
1.416666666666666519e+00 7.777471933307949392e+00 3.854186501156715128e+00
1.733333333333333171e+00 9.271553587174937050e+00 4.472115070507069134e+00
2.049999999999999822e+00 9.071547414512595608e+00 4.464125979472795436e+00
2.366666666666666696e+00 8.757106101053707903e+00 4.457835594787570521e+00
2.683333333333333126e+00 8.480909699645557964e+00 4.491208942263627435e+00
3.000000000000000000e+00 9.586941523677459998e+00 5.079876346547038679e+00
