# Redshift | sigP_r | sigP_s | sigB_r | sigB_s
4.999999999999999584e-02 4.039004628977748013e+01 1.877560163562001350e+01 1.686202147965416387e+01 1.386756594816278287e+01
5.743491774985175907e-02 3.540806952893773030e+01 1.645962558458151648e+01 1.485886985026084872e+01 1.221995829965938363e+01
6.597539553864470441e-02 3.102339696080677456e+01 1.442132143516206533e+01 1.309739659715356730e+01 1.077110815240447117e+01
7.578582832551990223e-02 2.720538085465472378e+01 1.264644141728328286e+01 1.156644439543055825e+01 9.511873242507522974e+00
8.705505632961239859e-02 2.387946164994257714e+01 1.110032480628538920e+01 1.023625805045146642e+01 8.417774630153953552e+00
1.000000000000000056e-01 2.098416783494335291e+01 9.754395425332745617e+00 9.082722836736005334e+00 7.468971674933514215e+00
1.499999999999999944e-01 1.448446834876785694e+01 6.732911182887185042e+00 6.515119783571759804e+00 5.357083361800831334e+00
4.666666666666666741e-01 8.514515015186260527e+00 3.677907864945168193e+00 3.559451052853792152e+00 2.918973611774337229e+00
7.833333333333333259e-01 9.016108304929295159e+00 3.896933604855945976e+00 5.990126554807075010e+00 4.877350511299713531e+00
1.099999999999999867e+00 8.774939460322565665e+00 3.935985528857437465e+00 1.107729730365607068e+01 8.883824573367519406e+00
1.416666666666666519e+00 8.576221614797653103e+00 3.999695138640602554e+00 1.885033011140180648e+01 1.495637093944555929e+01
1.733333333333333171e+00 9.761570771356693044e+00 4.558849555770939865e+00 3.087589880692014077e+01 2.426567478894256169e+01
2.049999999999999822e+00 9.255916737230934999e+00 4.500074412437862215e+00 4.905229016202328296e+01 3.823949914753796975e+01
2.366666666666666696e+00 8.829235524137244440e+00 4.473535505254393918e+00 7.523016673693528844e+01 5.862751225858029613e+01
2.683333333333333126e+00 8.510260620764405814e+00 4.498385985995001057e+00 1.122200576185286565e+02 8.759225305444732612e+01
3.000000000000000000e+00 9.606579620001873820e+00 5.084640274306917007e+00 1.654572543521653358e+02 1.296821730906450512e+02
