# Redshift | sigP_r | sigP_s | sigB_r | sigB_s
4.999999999999999584e-02 inf inf 2.819163466419772845e+01 2.302281563334569015e+01
5.743491774985175907e-02 inf inf 2.480822143373989874e+01 2.026001873594469060e+01
6.597539553864470441e-02 inf inf 2.186703088309427656e+01 1.785833739434390921e+01
7.578582832551990223e-02 inf inf 1.931073756993378154e+01 1.577095682049523795e+01
8.705505632961239859e-02 inf inf 1.708967077894386222e+01 1.395731198195358580e+01
1.000000000000000056e-01 inf inf 1.516358481135555358e+01 1.238453080127402650e+01
1.499999999999999944e-01 inf inf 1.087639894133577023e+01 8.883765775941702358e+00
4.666666666666666741e-01 inf inf 5.921620119157708473e+00 4.837834980164805287e+00
7.833333333333333259e-01 inf inf 1.005708157434550820e+01 8.175247254470340508e+00
1.099999999999999867e+00 inf inf 1.909489356426540851e+01 1.532071871862913426e+01
1.416666666666666519e+00 inf inf 3.327954708213164992e+01 2.624606370552347556e+01
1.733333333333333171e+00 inf inf 5.567094588572241776e+01 4.320570439988323130e+01
2.049999999999999822e+00 4.505180153884780339e+02 1.501726717961593351e+02 8.999475596092435126e+01 6.879591857124800924e+01
2.366666666666666696e+00 2.155100678616670109e+02 7.376781007549681135e+01 1.394965047527825845e+02 1.050785334130988673e+02
2.683333333333333126e+00 1.601494334760562310e+02 5.602865645418788887e+01 2.083275548250022950e+02 1.554931049928594007e+02
3.000000000000000000e+00 1.304495817322260791e+02 4.677229950052284835e+01 3.072709800585256517e+02 2.284425364098860882e+02
