# sig0 | sigP_r | sigP_s | sigB_r | sigB_s
1.000000000000000021e-02 6.710988350920428047e+01 2.905525524307699214e+01 inf inf
1.291549665014883955e-02 2.938887186710156385e+01 1.272505013428883913e+01 2.758259282671456276e+02 2.117168882201185625e+02
1.668100537200059227e-02 1.180804275761436095e+01 5.104768692714782397e+00 1.782307855092619775e+01 1.463111960189151439e+01
2.154434690031883232e-02 9.088299959962055752e+00 3.928271187466021441e+00 6.181500864663825645e+00 5.022518714482039570e+00
2.782559402207124277e-02 9.088472659488063599e+00 3.928345540247568657e+00 4.821564872382110067e+00 3.864476281019580295e+00
3.593813663804627800e-02 9.088523595983037495e+00 3.928367576574015363e+00 4.436853749154070492e+00 3.554928561642461293e+00
4.641588833612777382e-02 9.088553378035507890e+00 3.928380908454659703e+00 3.767438984816029013e+00 3.023096153356596094e+00
5.994842503189409116e-02 9.088481883255159488e+00 3.928349881604651372e+00 3.819121894762658176e+00 3.063809641160084585e+00
7.742636826811269413e-02 9.087936536235716289e+00 3.928113529248553615e+00 3.961933880723635948e+00 3.168914123970482333e+00
1.000000000000000056e-01 9.088260109873235848e+00 3.928254012132052608e+00 3.484753654111254484e+00 2.807529958989811281e+00
