# Redshift | sigP_r | sigP_s | sigB_r | sigB_s
4.999999999999999584e-02 inf inf 1.070130211544844343e+02 8.482942834019809197e+01
5.743491774985175907e-02 inf inf 9.411833181541129534e+01 7.461576100571774361e+01
6.597539553864470441e-02 inf inf 8.290762841495352120e+01 6.573596134387575773e+01
7.578582832551990223e-02 inf inf 7.316319596411463522e+01 5.801749268840818985e+01
8.705505632961239859e-02 inf inf 6.469702316690695909e+01 5.131130960223760695e+01
1.000000000000000056e-01 inf inf 5.735821083614984417e+01 4.549764485525658841e+01
1.499999999999999944e-01 inf inf 4.099553338674055425e+01 3.253518746536533257e+01
4.666666666666666741e-01 inf inf 2.174432936309921161e+01 1.726887556848082994e+01
7.833333333333333259e-01 inf inf 3.386876067031132465e+01 2.628717030018743017e+01
1.099999999999999867e+00 inf inf 5.442987324333574861e+01 4.069115866293996220e+01
1.416666666666666519e+00 inf inf 7.376824934006997125e+01 5.444927094716079097e+01
1.733333333333333171e+00 inf inf 9.446804663869788499e+01 7.003832419281255284e+01
2.049999999999999822e+00 4.505180153884780339e+02 1.501726717961593351e+02 1.203657062067025123e+02 8.982815301027281407e+01
2.366666666666666696e+00 2.155100678616670109e+02 7.376781007549681135e+01 1.539517693366353512e+02 1.153126008224059120e+02
2.683333333333333126e+00 1.601494334760562310e+02 5.602865645418788887e+01 1.958468657431441500e+02 1.475620787262139402e+02
3.000000000000000000e+00 1.304495817322260791e+02 4.677229950052284835e+01 2.511994414527132449e+02 1.908609635596558292e+02
