# Redshift | sigP_r | sigP_s | sigB_r | sigB_s
4.999999999999999584e-02 4.039004628977748013e+01 1.877560163562001350e+01 6.060052204475762494e+01 4.781871460098972193e+01
5.743491774985175907e-02 3.540806952893773030e+01 1.645962558458151648e+01 5.337859104965011170e+01 4.212054901758784808e+01
6.597539553864470441e-02 3.102339696080677456e+01 1.442132143516206533e+01 4.702585755306741078e+01 3.710799338580915929e+01
7.578582832551990223e-02 2.720538085465472378e+01 1.264644141728328286e+01 4.150382250552629415e+01 3.275080228640804592e+01
8.705505632961239859e-02 2.387946164994257714e+01 1.110032480628538920e+01 3.670576490801929737e+01 2.896466826369352177e+01
1.000000000000000056e-01 2.098416783494335291e+01 9.754395425332745617e+00 3.254583110498084153e+01 2.568166765805443674e+01
1.499999999999999944e-01 1.448446834876785694e+01 6.732911182887185042e+00 2.326954865115491344e+01 1.836022992198417825e+01
4.666666666666666741e-01 8.514515015186260527e+00 3.677907864945168193e+00 1.238318198123240421e+01 9.720700475343942770e+00
7.833333333333333259e-01 9.016108304929295159e+00 3.896933604855945976e+00 1.849620466530798168e+01 1.413193854950382367e+01
1.099999999999999867e+00 8.774939460322565665e+00 3.935985528857437465e+00 2.784686310669000164e+01 2.069577793754458739e+01
1.416666666666666519e+00 8.576221614797653103e+00 3.999695138640602554e+00 3.735018254777425284e+01 2.781198098235703497e+01
1.733333333333333171e+00 9.761570771356693044e+00 4.558849555770939865e+00 4.855269198753889981e+01 3.656663214722687627e+01
2.049999999999999822e+00 9.255916737230934999e+00 4.500074412437862215e+00 6.302453331563803829e+01 4.803128592727166080e+01
2.366666666666666696e+00 8.829235524137244440e+00 4.473535505254393918e+00 8.215564871071403275e+01 6.357307904211254623e+01
2.683333333333333126e+00 8.510260620764405814e+00 4.498385985995001057e+00 1.068917707668257151e+02 8.382534697737040119e+01
3.000000000000000000e+00 9.606579620001873820e+00 5.084640274306917007e+00 1.394908898941650079e+02 1.108259785656002521e+02
