# Redshift | sigP_r | sigP_s | sigB_r | sigB_s
4.999999999999999584e-02 2.047770223562557135e+01 9.513360969327107952e+00 3.249583325632334319e+00 2.670505495574039934e+00
5.743491774985175907e-02 1.797013496658636100e+01 8.348408945840688489e+00 2.870936874608309264e+00 2.359267653653610353e+00
6.597539553864470441e-02 1.576553553052363910e+01 7.324209274298825179e+00 2.539000050808283060e+00 2.086421195612581325e+00
7.578582832551990223e-02 1.384797830371306837e+01 6.433363107749197063e+00 2.251810471909799993e+00 1.850358420527827175e+00
8.705505632961239859e-02 1.218039318631665680e+01 5.658648726181207955e+00 2.002938779132461988e+00 1.644629581312281763e+00
1.000000000000000056e-01 1.073250390674178867e+01 4.986000792185686592e+00 1.790684972133071540e+00 1.470278993395936817e+00
1.499999999999999944e-01 7.523047909175216041e+00 3.494996087847521249e+00 1.340441015267608726e+00 1.100267426036229734e+00
4.666666666666666741e-01 7.646830226343328540e+00 3.302824887150841882e+00 2.208270694803945666e+00 1.801315972208965555e+00
7.833333333333333259e-01 9.015428988127240473e+00 3.896639290319016791e+00 5.515176337209785729e+00 4.426228443178117367e+00
1.099999999999999867e+00 8.775034839485631011e+00 3.936028317968076617e+00 1.068619950441552824e+01 8.445159353007943182e+00
1.416666666666666519e+00 8.576315064652675346e+00 3.999738696128918747e+00 1.845437147891050600e+01 1.441821793901600834e+01
1.733333333333333171e+00 9.761695368342618195e+00 4.558907731390066331e+00 2.963196396704205426e+01 2.302840195011727076e+01
2.049999999999999822e+00 9.256018076111454107e+00 4.500123596654273861e+00 4.566563764435996120e+01 3.536446051044411831e+01
2.366666666666666696e+00 8.829293616934016597e+00 4.473564809713464818e+00 6.862258164532013893e+01 5.320647384801966240e+01
2.683333333333333126e+00 8.510282628731088650e+00 4.498397505661714924e+00 1.021647004901884372e+02 7.947484624264657782e+01
3.000000000000000000e+00 9.606581068123118072e+00 5.084640990192657917e+00 1.500050504649489369e+02 1.173693886120090610e+02
