# Redshift | sigP_r | sigP_s | sigB_r | sigB_s
4.999999999999999584e-02 2.047770223562557135e+01 9.513360969327107952e+00 5.474622004311921586e+00 4.477603072843592713e+00
5.743491774985175907e-02 1.797013496658636100e+01 8.348408945840688489e+00 4.843618107461789890e+00 3.961391941699064390e+00
6.597539553864470441e-02 1.576553553052363910e+01 7.324209274298825179e+00 4.291072283246649910e+00 3.509352982222965878e+00
7.578582832551990223e-02 1.384797830371306837e+01 6.433363107749197063e+00 3.813968839535557542e+00 3.119027592307747287e+00
8.705505632961239859e-02 1.218039318631665680e+01 5.658648726181207955e+00 3.402010937526781298e+00 2.780200332018243348e+00
1.000000000000000056e-01 1.073250390674178867e+01 4.986000792185686592e+00 3.052709257719310898e+00 2.494558676296533051e+00
1.499999999999999944e-01 7.523047909175216041e+00 3.494996087847521249e+00 2.327319360520802238e+00 1.900903868684143072e+00
4.666666666666666741e-01 7.646830226343328540e+00 3.302824887150841882e+00 5.235663614135042110e+00 4.166021265495960080e+00
7.833333333333333259e-01 9.015428988127240473e+00 3.896639290319016791e+00 1.448326136289715116e+01 1.082378022187748989e+01
1.099999999999999867e+00 8.775034839485631011e+00 3.936028317968076617e+00 2.436871110151790276e+01 1.778966904852261521e+01
1.416666666666666519e+00 8.576315064652675346e+00 3.999738696128918747e+00 3.432034830826589200e+01 2.515637891756248123e+01
1.733333333333333171e+00 9.761695368342618195e+00 4.558907731390066331e+00 4.521303409028617182e+01 3.366050108926922491e+01
2.049999999999999822e+00 9.256018076111454107e+00 4.500123596654273861e+00 5.850108431600624925e+01 4.424994995517594276e+01
2.366666666666666696e+00 8.829293616934016597e+00 4.473564809713464818e+00 7.551810792002545725e+01 5.808794660934773191e+01
2.683333333333333126e+00 8.510282628731088650e+00 4.498397505661714924e+00 9.851259141875372904e+01 7.693350907755316825e+01
3.000000000000000000e+00 9.606581068123118072e+00 5.084640990192657917e+00 1.285078392630049109e+02 1.018462117368920161e+02
