# kFG | sigP_r | sigP_s | sigB_r | sigB_s
3.000000000000000930e-03 1.095436020606315841e+00 8.916875968416223541e-01 3.341813744841825695e+00 2.660623876833711154e+00
5.004301611600179417e-03 1.357793149965473845e+00 1.069533187246236583e+00 4.142585927396689627e+00 3.306952441487996275e+00
8.347678206621380465e-03 1.760048722267095522e+00 1.271294638002495425e+00 4.934413229941959855e+00 3.959792952236862895e+00
1.392476650083833770e-02 3.110976545450087283e+00 1.768652642642063899e+00 5.473152374919987295e+00 4.398351622137560035e+00
2.322791048043381865e-02 1.687669578356764433e+01 6.594067691547329524e+00 5.847754694951191823e+00 4.679416424294485566e+00
3.874648995044653599e-02 inf inf 6.195698625602375387e+00 4.944246453423732035e+00
6.463304070095653164e-02 inf inf 6.889367916510615864e+00 5.463158986009639229e+00
1.078144099141388063e-01 inf inf 8.209219029589762684e+00 6.554120294353091403e+00
1.798452750956823221e-01 inf inf 1.169970137558462753e+01 9.225754423765218704e+00
2.999999999999999334e-01 inf inf inf inf
