# Redshift | sigPB_r | sigPB_s
4.999999999999999584e-02 5.288876127951634309e+00 4.051299662850702532e+00
5.743491774985175907e-02 4.676714141939606328e+00 3.578917511875871593e+00
6.597539553864470441e-02 4.140445372290528780e+00 3.164818378443800206e+00
7.578582832551990223e-02 3.677057013236741945e+00 2.806575642131972526e+00
8.705505632961239859e-02 3.276607072987038460e+00 2.495291265934841629e+00
1.000000000000000056e-01 2.936242546116789143e+00 2.230922146901292535e+00
1.499999999999999944e-01 2.223359094507095346e+00 1.669890080897729501e+00
4.666666666666666741e-01 4.320077375604188141e+00 2.588136976712015258e+00
7.833333333333333259e-01 7.653750844323992553e+00 3.666290392311769786e+00
1.099999999999999867e+00 8.256071575400769191e+00 3.843086569022403420e+00
1.416666666666666519e+00 8.320462863480004856e+00 3.950121928079895373e+00
1.733333333333333171e+00 9.541833381761163579e+00 4.517661328849905900e+00
2.049999999999999822e+00 9.142293865123473751e+00 4.477031419741787310e+00
2.366666666666666696e+00 8.769559709400954972e+00 4.460356948287523160e+00
2.683333333333333126e+00 8.478703805810575034e+00 4.490727414097184678e+00
3.000000000000000000e+00 9.579850896781907821e+00 5.078316140595869221e+00
