# sig0 | sigP_r | sigP_s | sigB_r | sigB_s
1.000000000000000021e-02 5.784541972195790249e-01 4.472503105345847496e-01 1.618341314980236145e+00 1.351801534927018489e+00
1.291549665014883955e-02 8.610997942119147375e-01 6.105377657098560729e-01 2.232254124550466123e+00 1.848052675085375407e+00
1.668100537200059227e-02 1.306251489733395665e+00 8.479129479285927307e-01 2.989347083000999827e+00 2.446069620641574183e+00
2.154434690031883232e-02 2.594549517506800740e+00 1.418469378856088481e+00 4.013116353354960530e+00 3.248768590841537574e+00
2.782559402207124277e-02 5.941502236461900566e+00 2.765130204464733232e+00 5.291876694443886642e+00 4.246977263696211757e+00
3.593813663804627800e-02 2.506557852114685403e+01 9.496805220090076105e+00 6.952887638165055506e+00 5.570141133845894821e+00
4.641588833612777382e-02 inf inf 9.122295537256169595e+00 7.308401981775886291e+00
5.994842503189409116e-02 inf inf 1.192880696633654125e+01 9.593524547522475743e+00
7.742636826811269413e-02 inf inf 1.556389009427755354e+01 1.257192114837763697e+01
1.000000000000000056e-01 inf inf 2.024930684593250163e+01 1.642324955825272426e+01
